0.899087529536 0.437860068096
0.286925456629 0.237501778726
0.323077568925 0.973430259089
0.358815381176 0.643038555872
0.141100218164 0.555542520498
0.557193967163 0.361970727257
0.173258238912 0.221502937849
0.580333639985 0.370817355709
0.155933824517 0.472868720241
0.039499017778 0.998347147197
0.856149094852 0.37827697042
0.645795502107 0.696130022749
0.180122349625 0.910078392003
0.810749030499 0.383356891086
0.0310077281169 0.407341995693
0.659746855995 0.484188395693
0.546221079657 0.279415745026
0.695747603306 0.933760171171
0.980764514542 0.824982571844
0.960256723264 0.295477651289
0.0852346406727 0.0494572030535
0.618493284178 0.909077397494
0.317252378978 0.613817056281
0.423470007695 0.464887162003
0.420340261451 0.188108187767
0.161468644926 0.365695936891
0.766595395354 0.717170983097
0.61616184871 0.664344683511
0.499450358037 0.787870296027
0.977858342527 0.868183272341
0.0176022089986 0.224505915288
0.949091991776 0.104704035204
0.735365961571 0.208820112264
0.629004248234 0.0563307711491
0.405734867456 0.56004548042
0.44004858285 0.292383319834
0.94549439322 0.580907009378
0.785315764285 0.300797199851
0.44575059503 0.0128559938395
0.959736482951 0.524604477361
0.985889535828 0.783081642692
0.289139441516 0.12954200383
0.122519665404 0.966579888475
0.624800748657 0.0882046864922
0.310281873148 0.260447198837
0.264447992137 0.325817178901
0.647851399374 0.480474201469
0.671354061191 0.132879760776
0.877917480302 0.8194113088
0.321009980122 0.289438885566
0.806165176444 0.0246863897619
0.305063966613 0.624995692355
0.638707523695 0.659273769592
0.229004589136 0.797471113276
0.488319994852 0.738559082359
0.806027376563 0.574737353158
0.956380158782 0.247381844894
0.838717928171 0.12465491389
0.359449113327 0.346412143064
0.75581976976 0.509932108896
0.840703414575 0.497022430533
0.847032929717 0.641816757568
0.141951181875 0.483931402798
0.447472949479 0.351488852455
0.846393324602 0.651555097103
0.533372595816 0.71493786541
0.0759190323295 0.662780134177
0.32029922455 0.585150402218
0.453121732966 0.649310118346
0.444531131929 0.024460285562
0.729167717548 0.560000466331
0.0825536838043 0.329889965504
0.471537863165 0.304836461327
0.291037654149 0.586690312971
0.209416262464 0.936108351262
0.674770596126 0.615389096634
0.990664061165 0.392902444379
0.477914782879 0.343589476898
0.594184083901 0.913686166606
0.127957562903 0.934354651189
0.986734535152 0.924008253976
0.527295235485 0.748686713022
0.0621522588993 0.622633803818
0.236002945549 0.0079960893917
0.261660004112 0.237792762387
0.427542305592 0.278713727754
0.438813087238 0.340566121084
0.41263560154 0.93025365977
0.0311812873578 0.590151025057
0.0159170938174 0.536727856307
0.111868801822 0.81363432681
0.644852719428 0.143883304635
0.562188389854 0.702178511675
0.150426046857 0.78005170558
0.715380147375 0.556341764975
0.497728059666 0.6612842852
0.799327830711 0.657424548571
0.2268070675 0.448604363934
0.859494582496 0.8806252975
0.0932720900287 0.639443706039
0.156610081107 0.683079494353
0.739257485993 0.920523118147
0.784576108165 0.315790031168
0.873285400114 0.57966582914
0.705837358166 0.05438163021
0.179731119777 0.54098074474
0.634205646383 0.860100661582
0.759040383037 0.227454258514
0.65351390059 0.673163597981
0.988360342781 0.63166553287
0.503195781556 0.333068086474
0.594278134423 0.983423119246
0.482763631877 0.450513021067
0.167444101045 0.54925826481
0.742633174975 0.0566124775126
0.696826342547 0.841576766516
0.86627248529 0.923804564335
0.0940387234908 0.604618722505
0.864261820954 0.832429191461
0.124042606022 0.165576379048
0.188939272092 0.0519180969173
0.442152024448 0.269167865296
0.79157130127 0.935330054931
0.193574217525 0.47456348121
0.769531246867 0.796713491017
0.034572570004 0.11942106766
0.0914681893932 0.594008392725
0.690276975708 0.361475829993
0.371729560889 0.792259779792
0.328877896383 0.509768535804
0.699832056877 0.545093301486
0.386734323393 0.311116150517
0.658682269472 0.134192177192
0.803481725993 0.181473638497
0.747146724798 0.479293295167
0.376132004056 0.104719444888
0.620348594046 0.10134997102
0.968262367775 0.442364247138
0.86078377774 0.279904943578
0.801728597981 0.965590006708
0.595102394359 0.602266084061
0.798761989205 0.227065985971
0.228471822687 0.905072521833
0.135603143831 0.982482878049
0.727028149781 0.00756546090658
0.383915003147 0.66672874849
0.406470663712 0.735644090078
0.989050845626 0.558732832896
0.679899299725 0.29183023045
0.858434722718 0.840298473581
0.940278010818 0.281910567602
0.087830502936 0.566368449054
0.420134600423 0.971683562127
0.98221360549 0.772404988165
0.143108475538 0.666724611578
0.975452922161 0.229069956815
0.753896856535 0.665312141276
0.115312799533 0.245821065925
0.805242479523 0.503470684433
0.815071355121 0.501313187319
0.678089743231 0.615214943303
0.0836051768607 0.820403306867
0.189300923583 0.834517687
0.83555477172 0.831461399862
0.901567019606 0.0704680403643
0.839643719831 0.227115363249
0.525275462138 0.395039850109
0.665655556575 0.857202754822
0.940253516228 0.41433086749
0.1529638894 0.2783350112
0.00569267178637 0.781778503532
0.444671806154 0.228945462782
0.0731339019544 0.723307535794
0.534631371954 0.559642911539
0.210226541385 0.422377487607
0.183619780616 0.649416071995
0.603961365142 0.0994808951265
0.214444381161 0.99971525012
0.289529150436 0.891696141592
0.86667279295 0.994280197949
0.344020424461 0.962781129378
0.910465204733 0.00195512494609
0.429025119303 0.642081697612
0.806599335858 0.405530154064
0.0501054904813 0.610450059958
0.459236854108 0.993469698786
0.126560980903 0.192691980667
0.436208096272 0.951409929074
0.307122106476 0.780846686234
0.94741370327 0.929094667197
0.0342989545115 0.540457833727
0.832070677185 0.935154223136
0.583442662713 0.217334042532
0.831795924351 0.393665469556
0.626638797946 0.502226530447
0.616295864045 0.7033075305
0.231859163858 0.370372405612
0.860833445254 0.310613385142
0.275813931801 0.2405357646
0.0861381516795 0.810478555885
0.929688305744 0.286299018474
0.808865754431 0.109938048609
0.47302317023 0.572696457156
0.527333530216 0.0193399558482
0.165788965115 0.4967732699
0.427371301631 0.557056214107
0.766479236838 0.75763401322
0.651295709254 0.726664261677
0.370680212124 0.279912516823
0.373189321431 0.881817116819
0.702373267164 0.874452843763
0.510885259242 0.906685209052
0.669054204693 0.852319973707
0.752614204583 0.344127500936
0.0412319384889 0.250521474794
0.0277721665529 0.367705872163
0.501371286838 0.0738608267894
0.315697833744 0.973174260152
0.440339978402 0.655872394787
0.0466608974635 0.863129198268
0.897596852211 0.646578198709
0.491518517405 0.338829536449
0.988178095761 0.654012576984
0.546881968787 0.636752237205
0.959408732213 0.84445717293
0.836573227106 0.253868238148
0.407867655491 0.19660085397
0.0614233017394 0.124623928812
0.508084041214 0.80741841377
0.00393795893771 0.814217671109
0.841176168063 0.250210164891
0.97533383195 0.729981300614
0.857166683142 0.0762826290524
0.280248795479 0.76535243932
0.507968673077 0.630104880267
0.236633992279 0.655537347802
0.479158863082 0.562364618197
0.472844539897 0.867353317959
0.647945568323 0.263912189957
0.162963569446 0.209817377341
0.731529299177 0.800198386054
0.912098649613 0.20261695316
0.472303988978 0.00312846656842
0.806736271189 0.999706385843
0.759271819949 0.354910199063
0.994754151156 0.486730080843
0.1671439534 0.778408598769
0.809608246943 0.14413551382
0.993239544147 0.58096501536
0.868868952432 0.780721996696
0.53212330629 0.952563536612
0.432436583224 0.630889418819
0.694016716818 0.379284153318
0.515602092416 0.687197685472
0.057478034896 0.366932980058
0.0978970610474 0.433937612212
0.735016382277 0.919720587511
0.206627945735 0.552868962714
0.497691805206 0.671905943563
0.668811897579 0.833615658082
0.391810221065 0.0563927690972
0.0036233355897 0.983965912947
0.83920328601 0.868994323702
0.430881211956 0.426558592478
0.00107008835726 0.566588982403
0.683585702503 0.425448248794
0.973459624074 0.415736283081
0.555749927463 0.375155253788
0.935860197851 0.4678373561
0.739828853631 0.903468350293
0.940173113412 0.114681290961
0.973084143727 0.642602206741
0.70135594421 0.339220273675
0.43024983723 0.680446844984
0.70766645295 0.306177417278
0.867755397524 0.564080737115
0.592210820174 0.529283944283
0.78366457927 0.997287037135
0.705308064019 0.115403557907
0.168344416444 0.888014439876
0.688692914956 0.0734654216525
0.278066216905 0.12242712382
0.14263968346 0.354365655364
0.768832033213 0.174266010064
0.85421203173 0.20350526698
0.681099195266 0.894695101721
0.688415869708 0.994791594608
0.899874827442 0.901799006868
0.274348092576 0.554922869091
0.0830918294744 0.632845092634
0.360846743466 0.0558647171802
0.209372543811 0.175649053224
0.337618246549 0.583420438889
0.577370729312 0.345680877039
0.686730749163 0.477965205068
0.18462960487 0.0582122030947
0.884241431023 0.712683937625
0.883815854878 0.0600111457363
0.693349202921 0.63575991414
0.329959760518 0.418635925405
0.267035025351 0.357031628289
0.642450650238 0.547876729322
0.0803461739868 0.768371640556
0.516454064133 0.758488929461
0.192684294166 0.429842951457
0.460976859558 0.322190947787
0.571624126148 0.78742737365
0.927327410105 0.30516052792
0.298824934026 0.420669567788
0.0792117109412 0.0272640166051
0.252421145231 0.0557311369769
0.333635130695 0.809985611318
0.12738666781 0.271085552137
0.0785534232531 0.982060358855
0.773626919654 0.392633878577
0.607349811137 0.934272696953
0.720327983743 0.814752227828
0.262140561287 0.351194290323
0.0851229783371 0.712238151929
0.00550287619273 0.61615743194
0.611628591671 0.970896986188
0.738224142227 0.959913502609
0.296027721723 0.690148526017
0.942050676491 0.393384474718
0.824689021687 0.982230217678
0.389993455597 0.116284555014
0.934690347963 0.560699623424
0.56434587734 0.455015609545
0.911913430787 0.425246800748
0.161995475055 0.789449175326
0.743436997242 0.758933724817
0.574064990229 0.701653330006
0.397955292447 0.254037747496
0.42383913224 0.690050802335
0.991049348203 0.0715344932628
0.365706357286 0.928785699704
0.640459760938 0.0525864038661
0.0556116507195 0.578955713162
0.415436049971 0.0955080749264
0.89122381475 0.320371829517
0.364765259177 0.919077176976
0.36339644026 0.160324676779
0.460266829013 0.29492925117
0.173340012001 0.922801185142
0.0917476160421 0.683546592493
0.87822656535 0.851327227716
0.271034359507 0.557557368622
0.925622195036 0.980519575191
0.865097099751 0.440534433373
0.258573631451 0.278504251012
0.51145320064 0.401024690167
0.774346240802 0.130965462452
0.611264327785 0.255552922569
0.586667629096 0.59831777009
0.685152730693 0.0934911727191
0.388169036175 0.710921865566
0.81755113397 0.0017908648604
0.667070553427 0.528847313736
0.739983536804 0.911491547009
0.61188026898 0.95481148148
0.676577974568 0.0203615529691
0.855915962995 0.365236497749
0.604990561502 0.610574373591
0.190847943983 0.114980431186
0.618650552942 0.549332691004
0.54959771372 0.42981767081
0.321007004048 0.899394991811
0.257784912365 0.68618958872
0.836040381502 0.145402008648
0.42966955004 0.0209098110902
0.65545708102 0.449276892177
0.0552224574561 0.156169629639
0.831564650124 0.222434414073
0.642071088201 0.857095868244
0.787530387861 0.559600573197
0.82703329433 0.658397910568
0.521296779681 0.212798540704
0.332492676848 0.982258918792
0.335775979603 0.418728495809
0.3417876566 0.343717657298
0.0244351987541 0.840035956462
0.501217828997 0.0329031853338
0.44240156742 0.497131632391
0.538568337765 0.608536319315
0.413469697652 0.681606576693
0.105228275591 0.255224603963
0.937396809489 0.0511806613453
0.835153416998 0.50578178261
0.731708666554 0.938180021589
0.704233035889 0.391502838538
0.269765220353 0.295501570825
0.907193966136 0.135541729355
0.911926347163 0.486121137739
0.613193848653 0.418351634188
0.462079809062 0.631337024038
0.587495386567 0.362221609045
0.776827623896 0.971163120778
0.621043348464 0.068886676261
0.0741179371867 0.927945608936
0.430818045673 0.984558566396
0.710214786325 0.761592667895
0.836360654535 0.830441080628
0.481064972913 0.480012255269
0.118730692386 0.0461242054674
0.193443947934 0.318473609679
0.0695192989706 0.42295058117
0.728753317512 0.17585588953
0.607151603903 0.818354225345
0.561724333534 0.250700721978
0.43060081837 0.435724915243
0.525448848317 0.6742924898
0.484566884018 0.64016535864
0.318184013986 0.807867249858
0.15587142254 0.580943505629
0.640009258888 0.925893668995
0.200461606717 0.304453961627
0.356679675685 0.000996529693693
0.767188831095 0.71013152602
0.585750121043 0.522996990883
0.360157725812 0.0265572030021
0.821247773475 0.688633608411
0.680752946806 0.0757071708612
0.762761159014 0.192052815945
0.40148895448 0.904442576105
0.984258902999 0.244235395795
0.36118853322 0.479426316724
0.784590678217 0.651877272689
0.5111149161 0.416889400982
0.218531857013 0.42329156918
0.818160212105 0.275849487227
0.422377239953 0.0155207395002
0.608701764186 0.997587885496
0.324584060429 0.543089305087
0.828249134959 0.505580420908
0.105277900248 0.642419406704
0.418715410104 0.00874831637077
0.435381255609 0.214388584095
0.222882668445 0.747769131082
0.374380758927 0.930973403109
0.727208472403 0.380665922963
0.796091416715 0.419564196125
0.85175883142 0.94117273942
0.961666207019 0.967246314255
0.489210902312 0.334877272545
0.736540174263 0.96517369717
0.562429060483 0.759254909778
0.478656582576 0.982881491263
0.228838944852 0.131962530874
0.831839825681 0.281864153607
0.93142756702 0.495275265235
0.140295185911 0.586077029186
0.0989333598736 0.722135401987
0.468370486166 0.512372358768
0.437874763749 0.499356239352
0.24156862559 0.189069971334
0.805062944952 0.246522919601
0.593084740704 0.635332301121
0.32009838311 0.215461908825
0.774779366312 0.0812053563318
0.782494267468 0.412211306668
0.419310264171 0.508809894573
0.0726779076452 0.278723922578
0.402924394365 0.604236801276
0.416755300027 0.887088153028
0.445161212202 0.219978153708
0.347612431312 0.773813441477
0.747693711988 0.85860906156
0.0639705708932 0.98014437231
0.823567498039 0.00903790107562
0.0851906166543 0.807908722051
0.100770245176 0.89452797474
0.812596651349 0.666856676955
0.485257716217 0.631194180341
0.157169443904 0.794169667323
0.439934245328 0.619425372143
0.314827557544 0.921854358704
0.697640493963 0.825670580431
0.902922662418 0.181095963222
0.96735053208 0.663699807671
0.28236760942 0.384117707231
0.739572682153 0.246037072969
0.678392948802 0.302148708185
0.937802205618 0.638079160139
0.124321209912 0.653482778007
0.603166264357 0.0292301970751
0.998752325167 0.301400679143
0.722846885649 0.319909714111
0.518726049725 0.942384561091
0.446750373903 0.28296572449
0.392127802663 0.886535828531
0.519109247334 0.3556397142
0.0808820328867 0.0282150302336
0.148856621296 0.02060537073
0.984066139277 0.468545729267
0.954052445601 0.796651328195
0.453749499051 0.897528182379
0.552386203121 0.507289246645
0.805924546033 0.996599101679
0.107516565629 0.259573833697
0.28743105561 0.644546881446
0.312508784741 0.876402861777
0.195332341412 0.634016451792
0.161551043142 0.205289300675
0.186974203697 0.779310252419
0.191995797221 0.379564011065
0.2454881073 0.16224121877
0.321038629888 0.169288914881
0.774354207563 0.084382415216
0.490284669859 0.845515600591
0.229851161479 0.57988408842
0.499053645382 0.404911393173
0.984773183616 0.426264710275
0.476154495295 0.613462396686
0.391106987647 0.206730241236
0.0949638003737 0.634185172824
0.575654848619 0.276002190417
0.839959126936 0.704200812458
0.883288357281 0.858785219103
0.0700682571643 0.753677084351
0.936492857048 0.129158989889
0.345225558995 0.649192994716
0.796787787358 0.739624946561
0.567895741159 0.120591116379
0.392315941946 0.978135686621
0.745468271009 0.325074557797
0.285578097032 0.770952440591
0.407997685929 0.727815568037
0.780578688586 0.594411370192
0.9056422226 0.39147735154
0.194698906863 0.778563613825
0.267525119898 0.226541840848
0.267667625654 0.542354969096
0.821088924411 0.552790326416
0.927645589947 0.450408602695
0.196630532674 0.304839216404
0.945201446319 0.829573266963
0.100549415995 0.239715972549
0.617037747002 0.959926140239
0.511322902652 0.0845421238944
0.0636234954753 0.329149651988
0.395113111728 0.855174989027
0.486251328624 0.0828079862267
0.667362667868 0.502595943902
0.269597553682 0.552823556713
0.742402070058 0.716814070246
0.814360800592 0.254324319466
0.599880682669 0.25480692988
0.408372443835 0.608453673478
0.410731451427 0.225733800269
0.376887635541 0.30619969084
0.410051075756 0.396520913071
0.944830175579 0.814361164821
0.0481808536297 0.208734777335
0.078231238493 0.633477553432
0.496632307939 0.961765631088
0.527840252217 0.992449513053
0.513953056676 0.356002629955
0.914400863474 0.0729661505482
0.461853074328 0.0492160210666
0.208594416678 0.141838300249
0.605455263951 0.990211539592
0.330274033594 0.926931776206
0.77653930862 0.0141257399313
0.0895182998976 0.60405354492
0.737473993189 0.910031698984
0.301348427179 0.251534948392
0.373519762223 0.653290453876
0.358598827254 0.0814208403449
0.930754042597 0.138031405436
0.659656100836 0.493993852021
0.422939386603 0.0913339060562
0.303633389623 0.14160844409
0.541920422618 0.748314218728
0.7897967468 0.579343375728
0.823293457272 0.161908864636
0.763769861539 0.977374640236
0.19752168158 0.208003473013
0.145547057768 0.761383622284
0.765475447864 0.827293053135
0.712950910867 0.303207697214
0.0254660089118 0.887501490894
0.608799341506 0.914823189212
0.600662979528 0.352289022257
0.179208327107 0.535528594603
0.693302487634 0.221756958734
0.408902803307 0.614392964132
0.0159169334291 0.755888914936
0.700016324751 0.950003051714
0.775892832729 0.927265150745
0.984038233275 0.115172922821
0.565279966017 0.393974001402
0.00329501013521 0.418063074799
0.973320386649 0.174490859477
0.199068017999 0.851270736182
0.825425667464 0.471326283397
0.457872725174 0.447041211245
0.931545296222 0.575554899923
0.908828871425 0.0898612596432
0.831233036118 0.940459933273
0.603461382651 0.553398729464
0.112615013093 0.683015752334
0.990384862514 0.131647977315
0.269194428233 0.543138050201
0.402857654559 0.376544594137
0.535779051109 0.500933117354
0.098353234797 0.639704948752
0.0944751303068 0.530821809338
0.409818971664 0.191575973785
0.568180815435 0.999206450935
0.598931145921 0.877456476466
0.910605840357 0.623397830956
0.0929222716443 0.29551557584
0.383132234986 0.230192853965
0.563560377093 0.782482515288
0.744742465907 0.694426541369
0.422345706988 0.103040097613
0.84209800104 0.746129456063
0.232266489424 0.215375308619
0.895665824331 0.528616902979
0.129817888906 0.436953997676
0.693717056406 0.116248897714
0.140528720396 0.954835044234
0.227929008666 0.769084266377
0.823026151534 0.365694642763
0.339358984708 0.449363600751
0.132586330629 0.531794104642
0.131588308224 0.837775680577
0.10511434044 0.892821237175
0.791039552173 0.83542971487
0.39903611827 0.898626638893
0.7467655408 0.283271359297
0.852944255876 0.911972012926
0.2712282234 0.926424702459
0.164859602912 0.556215142061
0.4735306042 0.0431437637255
0.0352633228067 0.235654406065
0.43933602253 0.873745282278
0.556312443485 0.0962114946496
0.319101154545 0.00251857182946
0.735234680329 0.315393151784
0.0436636247102 0.758880258669
0.19119099349 0.102503261542
0.896769846567 0.718148889693
0.935644035976 0.659429643057
0.777472846379 0.906204480859
0.0120124254378 0.84662984625
0.323486558602 0.607814979866
0.067857247503 0.443003885182
0.491397580772 0.666151021179
0.300835543447 0.767943457224
0.787054900079 0.954051324957
0.338201743545 0.682443615832
0.85858927111 0.460034125308
0.23549510673 0.300894020945
0.340626763966 0.115915370105
0.233853933913 0.193050899406
0.440688526366 0.18705421986
0.512583161196 0.380135076274
0.107838017297 0.282127202816
0.772186864534 0.650612932838
0.017252315118 0.631696235605
0.905256055859 0.359033428605
0.880922361736 0.855612555474
0.132540227137 0.636905757161
0.867591615327 0.373434067893
0.34174132385 0.385598471012
0.699864491696 0.0351964604875
0.531928173695 0.233586227318
0.608091286625 0.819257632018
0.390262568156 0.224493559822
0.0860291923466 0.524996023401
0.0292718193735 0.969027662742
0.121565644786 0.602860637128
0.703666481105 0.161049876223
0.787989383196 0.296894376389
0.568351325998 0.982394781475
0.809792901333 0.68537224926
0.942882359878 0.325169194098
0.229562733147 0.55440560912
0.558321287754 0.764373500961
0.919217227519 0.590063308149
0.205447129122 0.588053247657
0.715378742558 0.469150569675
0.385509820715 0.535773659932
0.22143423824 0.881659312732
0.0649809170012 0.567080189475
0.231273904373 0.0221656941045
0.513667852644 0.914346705762
0.71705632532 0.20482283467
0.279595322623 0.301813068277
0.455094412637 0.45168459041
0.41642480142 0.748133650956
0.848411900533 0.461622258908
0.624370408821 0.39157038482
0.851838224249 0.0995347585605
0.837994251705 0.866463814483
0.352939367669 0.251275459981
0.912077835482 0.727535853593
0.778704725636 0.292502861014
0.115940410796 0.410131570323
0.355472050488 0.0565265674252
0.688607277958 0.0918434236022
0.830021175927 0.987767842045
0.535228513009 0.834700842816
0.171262822508 0.185725208534
0.113159152769 0.0913164167401
0.192438584529 0.441716479333
0.406150743204 0.58762754269
0.227525106011 0.879356338679
0.122294492726 0.182035754262
0.857668801578 0.573482818119
0.515976858584 0.582966749549
0.706269992689 0.438540208637
0.742384016873 0.153636958987
0.435083620977 0.059637731424
0.12839234371 0.870834249577
0.401706349352 0.0230594815496
0.172065545432 0.0315404332759
0.585461921192 0.527806296751
0.707684410809 0.130159192024
0.867112403046 0.170387831893
0.155688571462 0.127328657301
0.618060086876 0.301419532882
0.587388929404 0.103491628323
0.379022842597 0.340263649733
0.921065089077 0.0812770959308
0.18195301289 0.721357722929
0.219036659789 0.33345051154
0.17126897353 0.0341730269377
0.0221423199148 0.162725852758
0.402780723089 0.65348643891
0.440636577535 0.335584917698
0.188004736689 0.855727990602
0.00939303012716 0.19759173877
0.782619935268 0.635275886664
0.314972787335 0.0775495194647
0.748615052188 0.442849721384
0.249191985699 0.50295959043
0.0154672261417 0.511036683093
0.939170373732 0.62834728728
0.348574310861 0.260046946194
0.0166130094565 0.708686100524
0.331891807827 0.539835965203
0.965138964197 0.526731964566
0.103527400092 0.0885503278635
0.304507414023 0.829183034949
0.766683190654 0.0272223417718
0.896874457465 0.982535622265
0.867616416528 0.395250606524
0.468173192464 0.926844258748
0.437579913542 0.0627216375495
0.791427077036 0.103552879418
0.00766975841662 0.308479818068
0.402918794951 0.0117905285056
0.936210111416 0.768142617436
0.235619621993 0.387237347787
0.11225272937 0.907346078874
0.156541929002 0.570796930275
0.701741695862 0.677094367617
0.0813370881248 0.787673320534
0.665337247445 0.718501874886
0.165553389566 0.0918688672937
0.605087819948 0.291514721787
0.0122858904093 0.262170108817
0.566727767779 0.465870000268
0.196618509307 0.709660184231
0.758294306119 0.534396459864
0.0235971388244 0.976168245481
0.350001563879 0.985272643884
0.849801271268 0.0558449801897
0.816780964262 0.107043159779
0.745911700014 0.882805964416
0.304957348897 0.674218956446
0.203131660375 0.721913586458
0.811073432099 0.374438428311
0.08016293212 0.619274093348
0.542860458321 0.519723192809
0.950273909186 0.63999679135
0.833208424278 0.107060799814
0.395152557772 0.799180338491
0.84543679742 0.917173741874
0.00623114790055 0.131141002798
0.759462809349 0.792408908246
0.502377531192 0.698228476049
0.238771488038 0.926149817225
0.897054385397 0.0943989850899
0.803167874249 0.504554800884
0.659676859588 0.978726713544
0.722830497855 0.96734269804
0.0306256507576 0.717793887566
0.82661590317 0.56082396168
0.877578930865 0.0325316731043
0.816497932773 0.806140598359
0.517263215279 0.992763422438
0.357130036301 0.781215650761
0.344897189765 0.652950775465
0.918846938152 0.645251079232
0.256811626314 0.0708497543803
0.987488966932 0.811300901805
0.195271627458 0.524764407282
0.0894272952725 0.568465591691
0.566741176179 0.774280552753
0.93963485971 0.603750194629
0.93377181633 0.266938049285
0.989703442392 0.204528356241
0.0275568858666 0.250748217847
0.0141944655014 0.342169834332
0.205283075512 0.82721743126
0.11466097993 0.547670116468
0.369806454736 0.661538513607
0.466241726316 0.77248362763
0.484416952432 0.714604363724
0.446926539185 0.919775329972
0.0100863224901 0.0512423487609
0.117709115381 0.6246937993
0.230956170953 0.374017394604
0.941322349267 0.689108085261
0.0997257660001 0.777498437174
0.376118290232 0.440028865997
0.439062007108 0.950162522768
0.50618034745 0.5303075539
0.523053919588 0.48784105581
0.409425000833 0.0380197907068
0.969267535167 0.930750108702
0.251149492021 0.630449775616
0.966836148914 0.829737891769
0.325505693266 0.118180026357
0.604072069282 0.292129765868
0.747809875653 0.185803835767
0.818293212713 0.957362593193
0.543818087967 0.519121511603
0.0779334717623 0.263268531235
0.0851100637574 0.276937708701
0.628970551497 0.984667358129
0.617563607214 0.526874023806
0.7799791406 0.090210408189
0.212353712728 0.133260618642
0.287046720292 0.544005866346
0.34252270879 0.660735457919
0.959609561646 0.726567685595
0.0118199067753 0.363490042712
0.135172072418 0.515378067553
0.0967697674777 0.885429433868
0.412110754397 0.700679237844
0.616101085093 0.205960838128
0.0106853455041 0.201432475552
0.459086754001 0.0136715228507
0.0823078590677 0.486615488202
0.23108745803 0.254483270863
0.133825819228 0.611014403094
0.69423725708 0.695564438029
0.117470366459 0.293715413566
0.195760190256 0.739414730787
0.0353179905475 0.0125876693029
0.0204149156947 0.872939166526
0.990654489447 0.521681568377
0.187126354589 0.783908609748
0.670584166548 0.109949661427
0.216013033914 0.709411718293
0.484264899276 0.0681924969603
0.672791429999 0.547656047447
0.262062932996 0.0794698876822
0.801281579024 0.441569440564
0.922009415151 0.205216133895
0.0637921217373 0.293928784666
0.343427176281 0.623528756397
0.454877496907 0.715910630113
0.230136831264 0.645430958866
0.496043337005 0.358917395946
0.14848017732 0.65840753678
0.831876455617 0.602562189468
0.7923937463 0.00396622234284
0.169133167224 0.509740477371
0.513754575625 0.507936359663
0.444522610748 0.901713267388
0.478929656696 0.25993947177
0.85867607159 0.760902409194
0.705902450752 0.0180599816426
0.183800237513 0.842536324044
0.369046168001 0.505500141148
0.44484373991 0.754875939893
0.78462806867 0.381119058884
0.939683934008 0.182306129789
0.540415219081 0.182859698435
0.479805302056 0.669361363303
0.992414858567 0.934383861361
0.36790088011 0.479808730915
0.649574639976 0.793901783923
0.896776768915 0.558232834884
0.0687869783964 0.371846999781
0.879547478975 0.803871689426
0.884098089875 0.853295726151
0.536524691423 0.567471738924
0.713785588268 0.69263962146
0.444308940066 0.00503437465874
0.0780776138563 0.887129056748
0.00919625213348 0.195397253324
0.337795765576 0.463336655789
0.104868117621 0.968690699681
0.684828775525 0.030428099838
0.872780652815 0.810518496837
0.135101749881 0.306225878405
0.466628266733 0.387590715028
0.8221786561 0.599925814376
0.342262767669 0.0692127197703
0.137729870053 0.677235540043
0.22131278649 0.674019810123
0.783594512764 0.809884953068
0.40262502337 0.571961156824
0.400988195653 0.389653075543
0.766439367214 0.0120235160414
0.642218202385 0.943273334668
0.578947405523 0.199923574535
0.376165736386 0.544413907134
0.493030622998 0.476435065691
0.456713768668 0.289949655275
0.0911470967067 0.462877769625
0.673622641307 0.576195598806
0.234006621068 0.36767625827
0.638239101321 0.200281449704
0.34518595963 0.277882984395
0.490853031085 0.71709591708
0.229296692387 0.981683931613
0.144760592747 0.332614263007
0.872772418774 0.813331739805
0.995242664382 0.117412877475
0.180675082639 0.21054772597
0.405004127201 0.332020061208
0.492176738433 0.424038287273
0.251441945017 0.597954028558
0.128994086847 0.0585600713993
0.975687505554 0.593703852599
0.177603229215 0.656380335043
0.534989185325 0.405427706803
0.885746256784 0.258893470986
0.426337052005 0.930136654039
0.889416021258 0.302114050993
0.206012162404 0.736511341419
0.518584988757 0.298188143423
0.680245819756 0.277293005426
0.0982237232669 0.690645388549
0.272100229827 0.868670070759
0.625513866919 0.811169864187
0.603001725746 0.0266053587069
0.855964140921 0.615059932164
0.282075718227 0.0247613499976
0.304168500265 0.0255854356186
0.70402650615 0.388608744123
0.00943355053717 0.54522928814
0.168621600893 0.426512179757
0.367420345823 0.369227618633
0.674995852322 0.28215691056
0.922524238367 0.876809167168
0.216560794611 0.648706844804
0.464104680007 0.189548360183
0.555225586692 0.907826521135
0.526254177696 0.468053716631
0.394923463627 0.848920204317
0.575191877047 0.190243615483
0.192412606596 0.801973118457
0.509913005716 0.915210254219
0.442427815353 0.346337588287
0.308771768632 0.858385031467
0.684373727442 0.881221595173
0.16893108101 0.826529889714
0.671205377141 0.181286706069
0.733562130463 0.865646392762
0.626983434731 0.24846817794
0.0430775921833 0.221955286778
0.361433530707 0.330875622011
0.0731166144797 0.723211490261
0.814001966335 0.403999785979
0.85433414252 0.099745977935
0.928773518328 0.342088743054
0.981258297083 0.304020490311
0.745580562319 0.0256828366903
0.591020299624 0.814438167326
0.040222060859 0.426097203691
0.79580258236 0.0713847339712
0.663266287201 0.461375974763
0.374323324091 0.77890847783
0.217911188966 0.975864850925
0.91165119386 0.928595642925
0.185895071044 0.336900156102
0.416571410671 0.978737551983
0.960749470613 0.245803335084
0.191333412109 0.227512677622
0.307219318889 0.780006182472
0.56401901103 0.555282474925
0.855825075229 0.281946816967
0.041825127447 0.108992502784
0.19758461597 0.35643335077
0.67924008914 0.115910911155
0.845037038076 0.0134790077471
0.991174052447 0.974255923969
0.765554459731 0.872765089521
0.907680088011 0.635426127983
0.48644112062 0.0435285685563
0.925711668411 0.272715827449
0.932142443879 0.683939155395
